363,4
363,3
363,2
363,1
363,0
362,3
362,2
362,1
362,0
361,4
361,3
361,2
361,1
361,0
360,3
360,2
360,1
360,0
359,4
359,3
359,2
359,1
359,0
358,3
358,2
358,1
358,0
357,4
357,3
357,2
357,1
357,0
356,3
356,2
356,1
356,0
355,4
355,3
355,2
355,1
355,0
354,4
354,3
354,2
354,1
354,0
353,4
353,3
353,2
353,1
353,0
352,4
352,3
352,2
352,1
352,0
351,6
351,5
351,4
351,3
351,2
351,1
351,0
350,6
350,5
350,4
350,3
350,2
350,1
350,0
349,6
349,5
349,4
349,3
349,2
349,1
349,0
348,4
348,3
348,2
348,1
348,0
347,3
347,2
347,1
347,0
346,3
346,2
346,1
346,0
345,4
345,3
345,2
345,1
345,0
344,4
344,3
344,2
344,1
344,0
343,4
343,3
343,2
343,1
343,0
342,4
342,3
342,2
342,1
342,0
341,4
341,3
341,2
341,1
341,0
340,4
340,3
340,2
340,1
340,0
339,4
339,3
339,2
339,1
339,0
338,3
338,2
338,1
338,0
337,4
337,3
337,2
337,1
337,0
336,3
336,2
336,1
336,0
335,3
335,2
335,1
335,0
334,5
334,4
334,3
334,2
334,1
334,0
333,3
333,2
333,1
333,0
332,4
332,3
332,2
332,1
332,0
331,3
331,2
331,1
331,0
330,4
330,3
330,2
330,1
330,0
329,3
329,2
329,1
329,0
328,4
328,3
328,2
328,1
328,0
327,3
327,2
327,1
327,0
326,4
326,3
326,2
326,1
326,0
325,3
325,2
325,1
325,0
324,4
324,3
324,2
324,1
324,0
323,3
323,2
323,1
323,0
322,4
322,3
322,2
322,1
322,0
321,4
321,3
321,2
321,1
321,0
320,4
320,3
320,2
320,1
320,0
319,4
319,3
319,2
319,1
319,0
318,6
318,5
318,4
318,3
318,2
318,1
318,0
317,6
317,5
317,4
317,3
317,2
317,1
317,0
316,6
316,5
316,4
316,3
316,2
316,1
316,0
315,4
315,3
315,2
315,1
315,0
314,3
314,2
314,1
314,0
313,3
313,2
313,1
313,0
312,4
312,3
312,2
312,1
312,0
311,4
311,3
311,2
311,1
311,0
310,4
310,3
310,2
310,1
310,0
309,4
309,3
309,2
309,1
309,0
308,4
308,3
308,2
308,1
308,0
307,4
307,3
307,2
307,1
307,0
306,4
306,3
306,2
306,1
306,0
305,3
305,2
305,1
305,0
304,4
304,3
304,2
304,1
304,0
303,3
303,2
303,1
303,0
302,3
302,2
302,1
302,0
301,5
301,4
301,3
301,2
301,1
301,0
300,3
300,2
300,1
300,0
299,4
299,3
299,2
299,1
299,0
298,3
298,2
298,1
298,0
297,4
297,3
297,2
297,1
297,0
296,3
296,2
296,1
296,0
295,4
295,3
295,2
295,1
295,0
294,3
294,2
294,1
294,0
293,4
293,3
293,2
293,1
293,0
292,3
292,2
292,1
292,0
291,4
291,3
291,2
291,1
291,0
290,4
290,3
290,2
290,1
290,0
289,4
289,3
289,2
289,1
289,0
288,4
288,3
288,2
288,1
288,0
287,6
287,5
287,4
287,3
287,2
287,1
287,0
286,6
286,5
286,4
286,3
286,2
286,1
286,0
285,6
285,5
285,4
285,3
285,2
285,1
285,0
284,4
284,3
284,2
284,1
284,0
283,3
283,2
283,1
283,0
282,3
282,2
282,1
282,0
281,4
281,3
281,2
281,1
281,0
280,4
280,3
280,2
280,1
280,0
279,4
279,3
279,2
279,1
279,0
278,4
278,3
278,2
278,1
278,0
277,4
277,3
277,2
277,1
277,0
276,4
276,3
276,2
276,1
276,0
275,4
275,3
275,2
275,1
275,0
274,3
274,2
274,1
274,0
273,4
273,3
273,2
273,1
273,0
272,3
272,2
272,1
272,0
271,3
271,2
271,1
271,0
270,5
270,4
270,3
270,2
270,1
270,0
269,3
269,2
269,1
269,0
268,4
268,3
268,2
268,1
268,0
267,3
267,2
267,1
267,0
266,4
266,3
266,2
266,1
266,0
265,3
265,2
265,1
265,0
264,4
264,3
264,2
264,1
264,0
263,3
263,2
263,1
263,0
262,4
262,3
262,2
262,1
262,0
261,3
261,2
261,1
261,0
260,4
260,3
260,2
260,1
260,0
259,4
259,3
259,2
259,1
259,0
258,4
258,3
258,2
258,1
258,0
257,4
257,3
257,2
257,1
257,0
256,6
256,5
256,4
256,3
256,2
256,1
256,0
255,6
255,5
255,4
255,3
255,2
255,1
255,0
254,6
254,5
254,4
254,3
254,2
254,1
254,0
253,4
253,3
253,2
253,1
253,0
252,3
252,2
252,1
252,0
251,3
251,2
251,1
251,0
250,4
250,3
250,2
250,1
250,0
249,4
249,3
249,2
249,1
249,0
248,4
248,3
248,2
248,1
248,0
247,4
247,3
247,2
247,1
247,0
246,4
246,3
246,2
246,1
246,0
245,4
245,3
245,2
245,1
245,0
244,4
244,3
244,2
244,1
244,0
243,3
243,2
243,1
243,0
242,4
242,3
242,2
242,1
242,0
241,3
241,2
241,1
241,0
240,3
240,2
240,1
240,0
239,5
239,4
239,3
239,2
239,1
239,0
238,3
238,2
238,1
238,0
237,4
237,3
237,2
237,1
237,0
236,3
236,2
236,1
236,0
235,4
235,3
235,2
235,1
235,0
234,3
234,2
234,1
234,0
233,4
233,3
233,2
233,1
233,0
232,3
232,2
232,1
232,0
231,4
231,3
231,2
231,1
231,0
230,3
230,2
230,1
230,0
229,4
229,3
229,2
229,1
229,0
228,4
228,3
228,2
228,1
228,0
227,4
227,3
227,2
227,1
227,0
226,4
226,3
226,2
226,1
226,0
225,6
225,5
225,4
225,3
225,2
225,1
225,0
224,6
224,5
224,4
224,3
224,2
224,1
224,0
223,6
223,5
223,4
223,3
223,2
223,1
223,0
222,4
222,3
222,2
222,1
222,0
221,3
221,2
221,1
221,0
220,3
220,2
220,1
220,0
219,4
219,3
219,2
219,1
219,0
218,4
218,3
218,2
218,1
218,0
217,4
217,3
217,2
217,1
217,0
216,4
216,3
216,2
216,1
216,0
215,4
215,3
215,2
215,1
215,0
214,4
214,3
214,2
214,1
214,0
213,4
213,3
213,2
213,1
213,0
212,3
212,2
212,1
212,0
211,4
211,3
211,2
211,1
211,0
210,3
210,2
210,1
210,0
209,3
209,2
209,1
209,0
208,5
208,4
208,3
208,2
208,1
208,0
207,3
207,2
207,1
207,0
206,4
206,3
206,2
206,1
206,0
205,3
205,2
205,1
205,0
204,4
204,3
204,2
204,1
204,0
203,3
203,2
203,1
203,0
202,4
202,3
202,2
202,1
202,0
201,3
201,2
201,1
201,0
200,4
200,3
200,2
200,1
200,0
199,4
199,3
199,2
199,1
199,0
198,4
198,3
198,2
198,1
198,0
197,4
197,3
197,2
197,1
197,0
196,6
196,5
196,4
196,3
196,2
196,1
196,0
195,6
195,5
195,4
195,3
195,2
195,1
195,0
194,6
194,5
194,4
194,3
194,2
194,1
194,0
193,4
193,3
193,2
193,1
193,0
192,3
192,2
192,1
192,0
191,3
191,2
191,1
191,0
190,4
190,3
190,2
190,1
190,0
189,4
189,3
189,2
189,1
189,0
188,4
188,3
188,2
188,1
188,0
187,4
187,3
187,2
187,1
187,0
186,4
186,3
186,2
186,1
186,0
185,4
185,3
185,2
185,1
185,0
184,4
184,3
184,2
184,1
184,0
183,3
183,2
183,1
183,0
182,4
182,3
182,2
182,1
182,0
181,3
181,2
181,1
181,0
180,3
180,2
180,1
180,0
179,5
179,4
179,3
179,2
179,1
179,0
178,3
178,2
178,1
178,0
177,4
177,3
177,2
177,1
177,0
176,3
176,2
176,1
176,0
175,4
175,3
175,2
175,1
175,0
174,3
174,2
174,1
174,0
173,4
173,3
173,2
173,1
173,0
172,4
172,3
172,2
172,1
172,0
171,4
171,3
171,2
171,1
171,0
170,4
170,3
170,2
170,1
170,0
169,6
169,5
169,4
169,3
169,2
169,1
169,0
168,6
168,5
168,4
168,3
168,2
168,1
168,0
167,6
167,5
167,4
167,3
167,2
167,1
167,0
166,4
166,3
166,2
166,1
166,0
165,3
165,2
165,1
165,0
164,3
164,2
164,1
164,0
0,575
163,4
163,3
163,2
163,1
163,0
162,4
162,3
162,2
162,1
162,0
0,574
161,4
161,3
161,2
161,1
161,0
0,573
160,4
160,3
160,2
160,1
160,0
159,4
159,3
159,2
159,1
159,0
158,4
158,3
158,2
158,1
158,0
157,4
157,3
157,2
157,1
157,0
156,3
156,2
156,1
156,0
155,4
155,3
155,2
155,1
155,0
154,3
154,2
154,1
154,0
153,3
153,2
153,1
153,0
152,5
152,4
152,3
152,2
152,1
152,0
151,3
151,2
151,1
151,0
150,4
150,3
150,2
150,1
150,0
149,3
149,2
149,1
149,0
0,572
0,571
2,7
148,5
148,4
148,3
148,2
148,1
148,0
147,4
147,3
147,2
147,1
147,0
146,3
146,2
0,570
0,569
146,1
146,0
0,568
0,310
0,305
0,308
0,307
0,302
0,304
0,303
0,12
0,10
0,8
0,0
0,417
0,416
0,300
0,415
0,414
0,299
0,496
0,298
0,497
0,413
0,297
0,493
0,412
0,296
0,492
0,411
0,295
0,530
0,495
0,294
0,491
0,410
0,293
0,529
0,409
0,292
0,550
0,407
0,291
0,406
0,290
0,563
0,488
0,289
0,549
0,490
0,288
0,553
0,405
0,287
0,566
0,404
0,286
0,547
0,403
0,285
0,528
0,401
0,284
0,527
0,400
0,283
0,526
0,543
0,282
0,399
0,398
0,281
0,397
0,396
0,280
0,395
0,394
0,279
0,393
0,392
0,278
0,391
0,390
0,277
0,389
0,388
0,276
0,552
0,546
0,275
0,487
0,387
0,274
0,486
0,386
0,273
0,485
0,385
0,272
0,484
0,483
0,271
0,545
0,384
0,270
0,525
0,383
0,269
0,544
0,382
0,268
0,482
0,381
0,267
0,524
0,481
0,266
0,554
0,551
0,265
0,480
0,380
0,264
0,479
0,379
0,263
0,478
0,378
0,262
0,477
0,476
0,261
0,548
0,377
0,260
0,523
0,376
0,259
0,475
0,375
0,258
0,374
0,257
0,522
0,474
0,256
0,542
0,473
0,255
0,521
0,373
0,254
0,472
0,372
0,253
0,471
0,371
0,252
0,564
0,470
0,251
0,469
0,370
0,250
0,468
0,369
0,249
0,520
0,368
0,248
0,519
0,367
0,247
0,541
0,518
0,246
0,517
0,467
0,245
0,466
0,366
0,244
0,559
0,365
0,242
0,465
0,364
0,241
0,464
0,363
0,240
0,516
0,420
0,423
0,494
1,0
1,1
2,1
2,2
2,4
3,0
122,3
3,3
27,0
27,2
122,1
27,3
29,1
29,2
30,0
30,1
30,3
30,5
31,0
31,2
31,3
32,1
32,2
33,0
33,2
33,3
34,0
34,1
34,3
35,1
35,2
35,4
36,0
36,2
36,4
37,0
37,2
37,3
39,0
39,1
39,3
41,0
41,1
41,3
41,4
44,1
44,3
44,4
47,1
47,2
47,4
47,5
49,0
49,2
49,3
119,0
119,1
119,3
121,1
121,2
122,2
122,4
123,1
123,2
124,0
124,2
124,3
125,1
125,2
125,4
126,1
126,2
127,0
127,1
127,3
128,0
128,1
128,3
128,4
129,1
129,2
129,4
131,1
131,2
131,4
133,0
133,2
133,4
136,0
136,2
136,3
139,0
139,1
139,3
139,5
139,6
141,1
141,2
141,4
142,1
142,2
142,4
144,0
144,2
144,3
144,5
145,1
145,2
145,4
145,3
145,0
144,4
144,1
142,3
142,0
141,3
141,0
139,4
139,2
136,4
136,1
133,3
133,1
131,3
131,0
129,3
129,0
128,2
127,4
127,2
126,3
126,0
125,3
125,0
124,1
123,3
123,0
121,3
121,0
119,2
49,4
49,1
47,6
47,3
47,0
44,2
44,0
41,2
39,4
39,2
37,4
37,1
36,3
36,1
35,3
35,0
34,2
33,4
33,1
32,3
32,0
31,1
30,4
30,2
29,3
29,0
122,5
27,1
3,1
2,5
122,0
1,3
0,500
0,489
0,408
0,402
0,333
0,322
0,243
2,6
2,3
2,0
0,9
0,463
0,239
0,462
0,362
0,238
0,461
0,361
0,237
0,540
0,360
0,236
0,539
0,359
0,235
0,538
0,515
0,234
0,514
0,460
0,233
0,459
0,358
0,232
0,458
0,357
0,231
0,558
0,356
0,230
0,557
0,355
0,229
0,513
0,354
0,228
0,512
0,353
0,227
0,511
0,457
0,226
0,456
0,352
0,225
0,455
0,351
0,224
0,510
0,350
0,223
0,537
0,349
0,222
0,536
0,454
0,221
0,509
0,453
0,220
0,452
0,348
0,219
0,535
0,347
0,218
0,534
0,346
0,217
0,508
0,345
0,216
0,451
0,344
0,215
0,507
0,343
0,214
0,562
0,342
0,213
0,561
0,341
0,212
0,560
0,340
0,211
0,556
0,339
0,210
0,449
0,338
0,209
0,448
0,337
0,208
0,450
0,336
0,207
0,447
0,446
0,206
0,445
0,335
0,205
0,444
0,334
0,204
0,443
0,203
0,442
0,332
0,202
0,441
0,440
0,201
0,533
0,506
0,200
0,505
0,331
0,199
0,439
0,330
0,198
0,438
0,329
0,197
0,504
0,328
0,196
0,555
0,436
0,195
0,532
0,435
0,194
0,437
0,327
0,193
0,434
0,326
0,192
0,433
0,325
0,63
0,432
0,324
0,62
0,431
0,323
0,61
0,430
0,321
0,60
0,429
0,428
0,59
0,503
0,320
0,58
0,427
0,319
0,57
0,426
0,318
0,56
0,502
0,317
0,55
0,531
0,567
0,54
0,499
0,425
0,53
0,501
0,316
0,52
0,498
0,315
0,51
0,565
0,314
0,50
0,422
0,313
0,49
0,424
0,312
0,48
0,421
0,311
0,47
0,309
0,46
0,419
0,306
0,45
0,418
0,301
0,6
0,5
0,1
0,11
0,4
0,2
0,3
0,7
